# bspline_udp_4
# written by John Dannenhoffer

# bspline surface
UDPRIM    bspline   filename <<
    0    3   53   57    3    4    8

   0.00000
   0.00000
   0.00000
   0.00000
   0.00098
   0.00390
   0.00877
   0.01556
   0.02423
   0.03476
   0.04711
   0.06121
   0.07703
   0.09448
   0.11351
   0.13403
   0.15597
   0.17923
   0.20372
   0.22935
   0.25602
   0.28361
   0.31201
   0.34113
   0.37083
   0.40100
   0.43152
   0.46227
   0.49314
   0.52398
   0.55470
   0.58515
   0.61524
   0.64483
   0.67382
   0.70210
   0.72955
   0.75608
   0.78159
   0.80598
   0.82917
   0.85107
   0.87162
   0.89075
   0.90839
   0.92450
   0.93904
   0.95199
   0.96335
   0.97315
   0.98148
   0.98849
   0.99450
   1.00000
   1.00000
   1.00000
   1.00000

   0.00000
   0.00000
   0.00000
   0.00000
   1.00000
   1.00000
   1.00000
   1.00000

   1.00000   0.00126   0.00000
   0.99967   0.00131   0.00000
   0.99836   0.00149   0.00000
   0.99540   0.00190   0.00000
   0.99050   0.00259   0.00000
   0.98365   0.00353   0.00000
   0.97490   0.00473   0.00000
   0.96428   0.00617   0.00000
   0.95182   0.00783   0.00000
   0.93758   0.00970   0.00000
   0.92161   0.01176   0.00000
   0.90398   0.01399   0.00000
   0.88475   0.01637   0.00000
   0.86401   0.01888   0.00000
   0.84183   0.02149   0.00000
   0.81830   0.02420   0.00000
   0.79351   0.02696   0.00000
   0.76757   0.02977   0.00000
   0.74057   0.03260   0.00000
   0.71262   0.03542   0.00000
   0.68383   0.03821   0.00000
   0.65431   0.04096   0.00000
   0.62419   0.04362   0.00000
   0.59357   0.04618   0.00000
   0.56259   0.04862   0.00000
   0.53136   0.05089   0.00000
   0.50001   0.05298   0.00000
   0.46865   0.05485   0.00000
   0.43742   0.05647   0.00000
   0.40644   0.05783   0.00000
   0.37582   0.05889   0.00000
   0.34570   0.05963   0.00000
   0.31618   0.06002   0.00000
   0.28739   0.06005   0.00000
   0.25944   0.05969   0.00000
   0.23243   0.05895   0.00000
   0.20648   0.05781   0.00000
   0.18169   0.05627   0.00000
   0.15815   0.05433   0.00000
   0.13596   0.05201   0.00000
   0.11521   0.04930   0.00000
   0.09597   0.04624   0.00000
   0.07832   0.04283   0.00000
   0.06233   0.03911   0.00000
   0.04806   0.03509   0.00000
   0.03556   0.03080   0.00000
   0.02488   0.02627   0.00000
   0.01603   0.02152   0.00000
   0.00905   0.01655   0.00000
   0.00393   0.01134   0.00000
   0.00073   0.00581   0.00000
   0.00000   0.00188   0.00000
   0.00000   0.00000   0.00000

   1.33333   0.00126   1.66667
   1.33300   0.00131   1.66667
   1.33169   0.00149   1.66667
   1.32874   0.00190   1.66667
   1.32383   0.00259   1.66667
   1.31699   0.00353   1.66667
   1.30824   0.00473   1.66667
   1.29761   0.00617   1.66667
   1.28515   0.00783   1.66667
   1.27091   0.00970   1.66667
   1.25494   0.01176   1.66667
   1.23731   0.01399   1.66667
   1.21809   0.01637   1.66667
   1.19734   0.01888   1.66667
   1.17516   0.02149   1.66667
   1.15163   0.02420   1.66667
   1.12684   0.02696   1.66667
   1.10090   0.02977   1.66667
   1.07390   0.03260   1.66667
   1.04595   0.03542   1.66667
   1.01716   0.03821   1.66667
   0.98764   0.04096   1.66667
   0.95752   0.04362   1.66667
   0.92691   0.04618   1.66667
   0.89592   0.04862   1.66667
   0.86469   0.05089   1.66667
   0.83334   0.05298   1.66667
   0.80199   0.05485   1.66667
   0.77076   0.05647   1.66667
   0.73977   0.05783   1.66667
   0.70916   0.05889   1.66667
   0.67903   0.05963   1.66667
   0.64951   0.06002   1.66667
   0.62072   0.06005   1.66667
   0.59277   0.05969   1.66667
   0.56576   0.05895   1.66667
   0.53982   0.05781   1.66667
   0.51502   0.05627   1.66667
   0.49149   0.05433   1.66667
   0.46930   0.05201   1.66667
   0.44854   0.04930   1.66667
   0.42930   0.04624   1.66667
   0.41166   0.04283   1.66667
   0.39567   0.03911   1.66667
   0.38140   0.03509   1.66667
   0.36890   0.03080   1.66667
   0.35821   0.02627   1.66667
   0.34937   0.02152   1.66667
   0.34238   0.01655   1.66667
   0.33726   0.01134   1.66667
   0.33407   0.00581   1.66667
   0.33333   0.00188   1.66667
   0.33333   0.00000   1.66667

   1.66667   0.00126   3.33333
   1.66634   0.00131   3.33333
   1.66502   0.00149   3.33333
   1.66207   0.00190   3.33333
   1.65717   0.00259   3.33333
   1.65032   0.00353   3.33333
   1.64157   0.00473   3.33333
   1.63094   0.00617   3.33333
   1.61849   0.00783   3.33333
   1.60425   0.00970   3.33333
   1.58828   0.01176   3.33333
   1.57065   0.01399   3.33333
   1.55142   0.01637   3.33333
   1.53068   0.01888   3.33333
   1.50849   0.02149   3.33333
   1.48496   0.02420   3.33333
   1.46018   0.02696   3.33333
   1.43423   0.02977   3.33333
   1.40723   0.03260   3.33333
   1.37928   0.03542   3.33333
   1.35049   0.03821   3.33333
   1.32098   0.04096   3.33333
   1.29085   0.04362   3.33333
   1.26024   0.04618   3.33333
   1.22926   0.04862   3.33333
   1.19803   0.05089   3.33333
   1.16667   0.05298   3.33333
   1.13532   0.05485   3.33333
   1.10409   0.05647   3.33333
   1.07310   0.05783   3.33333
   1.04249   0.05889   3.33333
   1.01236   0.05963   3.33333
   0.98285   0.06002   3.33333
   0.95406   0.06005   3.33333
   0.92610   0.05969   3.33333
   0.89910   0.05895   3.33333
   0.87315   0.05781   3.33333
   0.84836   0.05627   3.33333
   0.82482   0.05433   3.33333
   0.80263   0.05201   3.33333
   0.78188   0.04930   3.33333
   0.76264   0.04624   3.33333
   0.74499   0.04283   3.33333
   0.72900   0.03911   3.33333
   0.71473   0.03509   3.33333
   0.70223   0.03080   3.33333
   0.69155   0.02627   3.33333
   0.68270   0.02152   3.33333
   0.67572   0.01655   3.33333
   0.67060   0.01134   3.33333
   0.66740   0.00581   3.33333
   0.66667   0.00188   3.33333
   0.66667   0.00000   3.33333

   2.00000   0.00126   5.00000
   1.99967   0.00131   5.00000
   1.99836   0.00149   5.00000
   1.99540   0.00190   5.00000
   1.99050   0.00259   5.00000
   1.98365   0.00353   5.00000
   1.97490   0.00473   5.00000
   1.96428   0.00617   5.00000
   1.95182   0.00783   5.00000
   1.93758   0.00970   5.00000
   1.92161   0.01176   5.00000
   1.90398   0.01399   5.00000
   1.88475   0.01637   5.00000
   1.86401   0.01888   5.00000
   1.84183   0.02149   5.00000
   1.81830   0.02420   5.00000
   1.79351   0.02696   5.00000
   1.76757   0.02977   5.00000
   1.74057   0.03260   5.00000
   1.71262   0.03542   5.00000
   1.68383   0.03821   5.00000
   1.65431   0.04096   5.00000
   1.62419   0.04362   5.00000
   1.59357   0.04618   5.00000
   1.56259   0.04862   5.00000
   1.53136   0.05089   5.00000
   1.50001   0.05298   5.00000
   1.46865   0.05485   5.00000
   1.43742   0.05647   5.00000
   1.40644   0.05783   5.00000
   1.37582   0.05889   5.00000
   1.34570   0.05963   5.00000
   1.31618   0.06002   5.00000
   1.28739   0.06005   5.00000
   1.25944   0.05969   5.00000
   1.23243   0.05895   5.00000
   1.20648   0.05781   5.00000
   1.18169   0.05627   5.00000
   1.15815   0.05433   5.00000
   1.13596   0.05201   5.00000
   1.11521   0.04930   5.00000
   1.09597   0.04624   5.00000
   1.07832   0.04283   5.00000
   1.06233   0.03911   5.00000
   1.04806   0.03509   5.00000
   1.03556   0.03080   5.00000
   1.02488   0.02627   5.00000
   1.01603   0.02152   5.00000
   1.00905   0.01655   5.00000
   1.00393   0.01134   5.00000
   1.00073   0.00581   5.00000
   1.00000   0.00188   5.00000
   1.00000   0.00000   5.00000
>>

END
