# bspline_udp_3
# written by John Dannenhoffer

# bspline curve (set header[5]=1 and header[6]=0)

UDPRIM    bspline   filename <<
    0    3  103  107    0    1    0

   0.00000
   0.00000
   0.00000
   0.00000
   0.00049
   0.00195
   0.00439
   0.00778
   0.01212
   0.01738
   0.02355
   0.03061
   0.03851
   0.04724
   0.05675
   0.06702
   0.07798
   0.08961
   0.10186
   0.11468
   0.12801
   0.14180
   0.15601
   0.17056
   0.18541
   0.20050
   0.21576
   0.23114
   0.24657
   0.26199
   0.27735
   0.29258
   0.30762
   0.32242
   0.33691
   0.35105
   0.36478
   0.37804
   0.39079
   0.40299
   0.41458
   0.42554
   0.43581
   0.44537
   0.45419
   0.46225
   0.46952
   0.47599
   0.48168
   0.48658
   0.49074
   0.49425
   0.49725
   0.50000
   0.50275
   0.50575
   0.50926
   0.51342
   0.51832
   0.52401
   0.53048
   0.53775
   0.54581
   0.55463
   0.56419
   0.57446
   0.58542
   0.59701
   0.60921
   0.62196
   0.63522
   0.64895
   0.66309
   0.67758
   0.69238
   0.70742
   0.72265
   0.73801
   0.75343
   0.76886
   0.78424
   0.79950
   0.81459
   0.82944
   0.84399
   0.85820
   0.87199
   0.88532
   0.89814
   0.91039
   0.92202
   0.93298
   0.94325
   0.95276
   0.96149
   0.96939
   0.97645
   0.98262
   0.98788
   0.99222
   0.99561
   0.99805
   0.99951
   1.00000
   1.00000
   1.00000
   1.00000

   1.00000   0.00126   0.00000
   0.99967   0.00131   0.00000
   0.99836   0.00149   0.00000
   0.99540   0.00190   0.00000
   0.99050   0.00259   0.00000
   0.98365   0.00353   0.00000
   0.97490   0.00473   0.00000
   0.96428   0.00617   0.00000
   0.95182   0.00783   0.00000
   0.93758   0.00970   0.00000
   0.92161   0.01176   0.00000
   0.90398   0.01399   0.00000
   0.88475   0.01637   0.00000
   0.86401   0.01888   0.00000
   0.84183   0.02149   0.00000
   0.81830   0.02420   0.00000
   0.79351   0.02696   0.00000
   0.76757   0.02977   0.00000
   0.74057   0.03260   0.00000
   0.71262   0.03542   0.00000
   0.68383   0.03821   0.00000
   0.65431   0.04096   0.00000
   0.62419   0.04362   0.00000
   0.59357   0.04618   0.00000
   0.56259   0.04862   0.00000
   0.53136   0.05089   0.00000
   0.50001   0.05298   0.00000
   0.46865   0.05485   0.00000
   0.43742   0.05647   0.00000
   0.40644   0.05783   0.00000
   0.37582   0.05889   0.00000
   0.34570   0.05963   0.00000
   0.31618   0.06002   0.00000
   0.28739   0.06005   0.00000
   0.25944   0.05969   0.00000
   0.23243   0.05895   0.00000
   0.20648   0.05781   0.00000
   0.18169   0.05627   0.00000
   0.15815   0.05433   0.00000
   0.13596   0.05201   0.00000
   0.11521   0.04930   0.00000
   0.09597   0.04624   0.00000
   0.07832   0.04283   0.00000
   0.06233   0.03911   0.00000
   0.04806   0.03509   0.00000
   0.03556   0.03080   0.00000
   0.02488   0.02627   0.00000
   0.01603   0.02152   0.00000
   0.00905   0.01655   0.00000
   0.00393   0.01134   0.00000
   0.00073   0.00581   0.00000
  -0.00035   0.00000   0.00000
   0.00073  -0.00581   0.00000
   0.00393  -0.01134   0.00000
   0.00905  -0.01655   0.00000
   0.01603  -0.02152   0.00000
   0.02488  -0.02627   0.00000
   0.03556  -0.03080   0.00000
   0.04806  -0.03509   0.00000
   0.06233  -0.03911   0.00000
   0.07832  -0.04283   0.00000
   0.09597  -0.04624   0.00000
   0.11521  -0.04930   0.00000
   0.13596  -0.05201   0.00000
   0.15815  -0.05433   0.00000
   0.18169  -0.05627   0.00000
   0.20648  -0.05781   0.00000
   0.23243  -0.05895   0.00000
   0.25944  -0.05969   0.00000
   0.28739  -0.06005   0.00000
   0.31618  -0.06002   0.00000
   0.34570  -0.05963   0.00000
   0.37582  -0.05889   0.00000
   0.40644  -0.05783   0.00000
   0.43742  -0.05647   0.00000
   0.46865  -0.05485   0.00000
   0.50001  -0.05298   0.00000
   0.53136  -0.05089   0.00000
   0.56259  -0.04862   0.00000
   0.59357  -0.04618   0.00000
   0.62419  -0.04362   0.00000
   0.65431  -0.04096   0.00000
   0.68383  -0.03821   0.00000
   0.71262  -0.03542   0.00000
   0.74057  -0.03260   0.00000
   0.76757  -0.02977   0.00000
   0.79351  -0.02696   0.00000
   0.81830  -0.02420   0.00000
   0.84183  -0.02149   0.00000
   0.86401  -0.01888   0.00000
   0.88475  -0.01637   0.00000
   0.90398  -0.01399   0.00000
   0.92161  -0.01176   0.00000
   0.93758  -0.00970   0.00000
   0.95182  -0.00783   0.00000
   0.96428  -0.00617   0.00000
   0.97490  -0.00473   0.00000
   0.98365  -0.00353   0.00000
   0.99050  -0.00259   0.00000
   0.99540  -0.00190   0.00000
   0.99836  -0.00149   0.00000
   0.99967  -0.00131   0.00000
   1.00000  -0.00126   0.00000
>>

END
